1000
784 967 4 
784 320 6 
967 657 8 
967 982 3 
320 444 7 
784 655 4 
982 39 2 
655 604 8 
982 995 1 
604 763 7 
784 574 1 
784 769 9 
574 766 6 
604 641 8 
982 3 1 
574 268 3 
763 59 3 
763 864 1 
763 470 5 
982 283 4 
320 515 6 
763 856 5 
320 746 7 
784 9 6 
444 695 8 
39 955 4 
268 406 1 
406 456 1 
406 603 10 
406 627 6 
627 715 7 
39 776 7 
470 282 5 
603 467 1 
955 276 7 
655 87 5 
467 151 4 
467 889 4 
268 330 4 
784 420 2 
856 423 4 
406 380 2 
864 426 8 
320 535 4 
282 387 9 
39 792 9 
982 948 9 
967 314 4 
9 2 1 
3 569 9 
330 396 7 
769 916 1 
889 372 3 
792 863 9 
276 690 5 
9 24 3 
268 309 2 
426 485 6 
574 717 1 
695 542 6 
420 878 8 
763 41 2 
948 229 2 
396 265 1 
715 738 9 
467 323 1 
314 342 2 
995 326 4 
3 271 6 
41 373 6 
955 439 4 
151 158 5 
3 486 3 
863 851 1 
320 340 3 
535 663 8 
738 141 10 
387 913 10 
320 468 9 
657 335 9 
603 379 9 
314 951 3 
569 200 9 
470 44 5 
569 52 2 
326 922 5 
690 175 8 
444 11 3 
444 221 8 
342 600 6 
878 274 7 
444 865 4 
574 10 3 
690 557 9 
158 537 6 
323 888 2 
320 301 5 
766 57 8 
746 254 2 
995 936 3 
485 12 2 
426 923 2 
655 58 3 
265 107 9 
982 443 2 
856 413 5 
276 213 9 
396 364 3 
59 904 5 
443 709 10 
951 731 5 
663 352 8 
948 101 5 
439 438 7 
717 605 10 
24 125 1 
655 831 4 
456 846 4 
438 568 3 
878 86 3 
486 163 10 
39 371 4 
456 803 7 
44 217 1 
738 491 10 
330 866 2 
657 642 5 
851 181 7 
878 474 7 
309 482 1 
330 434 9 
537 682 1 
420 445 5 
803 501 3 
396 285 8 
314 238 7 
603 893 7 
982 638 2 
9 477 6 
229 211 10 
238 512 3 
387 778 5 
330 137 4 
893 273 7 
101 992 1 
967 334 7 
642 7 7 
992 589 2 
254 6 10 
731 82 5 
951 828 9 
604 970 5 
44 553 4 
803 294 5 
846 759 1 
856 550 8 
542 977 5 
482 985 4 
200 245 4 
379 938 8 
379 917 9 
604 833 8 
283 404 6 
589 813 2 
396 699 8 
12 133 2 
784 275 1 
380 233 2 
6 750 6 
265 381 5 
86 821 2 
334 201 1 
657 676 1 
663 104 1 
491 989 4 
982 16 10 
323 722 2 
955 77 4 
413 88 5 
107 849 7 
41 98 5 
77 658 7 
273 79 2 
371 18 10 
690 453 2 
3 817 7 
893 622 6 
323 752 7 
2 195 8 
273 432 2 
603 859 4 
98 765 8 
11 739 5 
731 875 1 
766 49 3 
371 92 6 
364 697 6 
967 934 4 
746 818 2 
211 328 7 
948 975 7 
731 920 6 
273 628 3 
16 33 10 
379 354 3 
604 164 1 
163 122 5 
3 777 8 
477 830 6 
622 724 1 
715 324 8 
125 854 7 
432 613 5 
86 858 3 
709 609 7 
301 246 4 
420 415 8 
817 317 2 
553 653 9 
849 646 10 
605 327 8 
849 943 9 
759 735 2 
7 223 3 
379 902 1 
923 788 8 
309 378 7 
699 871 7 
438 921 6 
283 820 4 
423 252 10 
77 241 6 
33 806 9 
241 984 2 
233 212 9 
653 719 1 
328 610 8 
977 306 9 
254 737 3 
920 794 10 
657 842 6 
275 363 6 
828 65 3 
201 855 2 
902 718 6 
722 775 4 
294 933 2 
917 226 3 
863 279 1 
642 37 1 
864 471 5 
542 592 6 
306 683 1 
373 594 1 
252 214 4 
776 414 7 
609 412 6 
984 819 6 
181 899 10 
750 500 1 
98 398 4 
831 716 10 
233 313 9 
320 692 2 
646 375 1 
569 189 8 
474 634 7 
2 891 8 
568 353 3 
746 357 6 
778 348 5 
364 762 1 
491 711 9 
922 50 2 
444 909 3 
938 1000 4 
955 297 6 
223 748 2 
200 861 6 
268 637 3 
891 385 4 
371 608 10 
500 210 8 
842 601 9 
739 1 8 
899 997 2 
379 208 2 
330 887 8 
608 837 8 
151 671 7 
404 879 1 
731 460 10 
622 70 4 
241 993 5 
657 543 3 
738 360 3 
574 446 9 
970 960 2 
486 351 9 
414 386 6 
11 483 4 
164 142 1 
671 968 9 
512 932 1 
537 530 7 
200 614 8 
817 19 1 
486 529 2 
719 102 5 
432 502 10 
951 187 4 
285 516 6 
614 22 3 
909 898 1 
92 890 3 
50 315 5 
212 178 4 
746 272 3 
379 347 9 
283 55 8 
658 551 6 
414 206 3 
711 761 5 
752 202 3 
273 894 6 
151 884 4 
657 192 7 
955 490 3 
765 834 2 
884 755 5 
107 578 10 
594 172 6 
275 399 1 
515 188 6 
589 672 5 
578 333 7 
420 736 4 
776 661 5 
993 21 8 
831 492 9 
283 296 1 
296 421 1 
788 495 7 
354 564 7 
10 554 3 
265 897 4 
818 186 4 
603 590 7 
49 789 6 
818 184 4 
41 591 10 
446 78 10 
444 664 2 
830 513 7 
438 42 7 
516 976 9 
468 793 9 
317 556 8 
943 316 3 
202 733 8 
474 987 3 
470 533 1 
628 742 3 
78 148 6 
894 743 3 
920 464 10 
158 809 10 
608 286 7 
591 194 8 
837 876 4 
975 570 5 
323 43 1 
784 139 3 
188 541 3 
65 219 1 
406 90 7 
245 620 9 
789 705 4 
241 216 5 
951 454 10 
893 852 4 
752 799 2 
151 988 2 
627 597 1 
333 643 1 
995 696 3 
254 94 4 
414 563 4 
682 5 5 
94 62 7 
876 666 3 
285 723 6 
340 880 2 
317 374 4 
70 678 10 
589 45 9 
351 236 6 
989 256 5 
920 707 6 
82 166 8 
557 701 5 
671 836 9 
491 783 4 
41 393 5 
610 912 2 
614 428 3 
172 72 1 
483 877 4 
189 345 1 
443 580 8 
371 46 7 
799 571 9 
984 942 5 
762 704 2 
922 768 8 
21 339 4 
658 825 9 
856 14 2 
223 900 4 
335 771 8 
887 745 9 
320 974 7 
279 754 2 
643 13 1 
917 103 5 
241 532 1 
890 767 10 
406 651 3 
211 266 5 
620 218 7 
241 199 2 
357 632 1 
192 183 4 
556 111 5 
501 662 5 
563 691 2 
955 215 3 
309 677 9 
739 312 5 
846 173 3 
762 496 1 
398 160 9 
59 402 6 
265 684 3 
543 196 10 
158 105 3 
921 498 6 
666 624 9 
752 895 5 
917 288 5 
984 905 2 
557 823 4 
716 17 5 
768 190 7 
79 64 8 
44 209 9 
605 956 10 
890 343 7 
327 469 9 
609 802 5 
671 602 2 
467 290 3 
828 841 7 
676 114 10 
974 625 10 
181 116 7 
5 907 8 
909 694 3 
662 493 8 
907 416 6 
819 958 7 
77 650 2 
601 598 4 
215 430 7 
898 519 2 
82 730 8 
111 61 2 
215 295 7 
1 69 7 
279 383 6 
556 73 8 
464 680 2 
602 51 4 
967 267 1 
218 986 6 
275 23 1 
632 708 10 
82 407 9 
294 656 4 
921 892 4 
905 812 5 
62 337 2 
951 230 3 
209 969 9 
788 599 7 
709 222 10 
229 119 7 
493 670 3 
189 807 5 
371 857 3 
512 376 3 
608 20 10 
337 318 2 
554 228 8 
895 814 2 
212 908 7 
444 239 10 
482 253 8 
77 749 10 
590 606 8 
14 732 1 
699 536 8 
498 67 6 
745 457 10 
880 689 7 
597 319 3 
875 870 3 
637 168 5 
141 366 8 
141 38 10 
103 531 2 
956 403 5 
378 525 9 
467 389 5 
656 117 9 
516 85 5 
638 927 2 
44 640 9 
380 251 5 
735 433 5 
55 176 3 
11 308 8 
474 962 6 
271 284 3 
864 8 5 
921 714 5 
389 459 1 
776 4 4 
955 964 3 
221 581 3 
923 436 2 
212 816 9 
641 534 6 
363 299 4 
602 341 7 
984 332 1 
86 249 9 
812 772 8 
857 419 7 
223 349 4 
646 644 6 
783 146 9 
268 234 5 
491 929 4 
732 957 1 
460 540 4 
922 517 8 
890 862 7 
221 645 8 
393 322 9 
211 906 1 
571 919 8 
540 478 4 
841 143 9 
380 145 5 
789 427 2 
324 751 6 
337 914 3 
893 154 2 
416 552 3 
189 27 4 
792 994 2 
701 100 4 
183 293 9 
899 494 10 
550 780 7 
768 937 5 
469 617 4 
745 63 3 
347 425 7 
761 562 2 
536 949 2 
557 996 8 
762 99 1 
974 981 6 
942 367 4 
993 945 2 
592 518 5 
863 607 4 
769 489 4 
768 679 4 
589 954 4 
920 475 4 
842 281 2 
44 134 1 
960 499 7 
337 331 1 
921 674 2 
268 84 7 
932 810 2 
209 71 10 
378 528 2 
656 120 10 
677 269 8 
309 668 10 
176 843 7 
851 626 5 
221 368 6 
934 177 9 
114 391 8 
893 774 7 
183 576 7 
830 649 8 
715 350 7 
821 939 6 
17 741 2 
217 800 4 
158 300 1 
8 417 2 
723 325 10 
249 259 1 
166 418 6 
1000 247 6 
233 801 7 
163 845 1 
371 786 1 
672 926 1 
199 488 6 
856 903 10 
39 35 10 
320 872 1 
436 804 6 
335 463 8 
195 455 9 
810 822 5 
379 74 6 
819 307 7 
806 867 1 
434 874 9 
655 161 5 
762 29 6 
20 505 10 
398 358 6 
849 377 1 
993 873 3 
228 81 2 
922 466 6 
907 773 10 
679 465 10 
599 539 10 
884 566 8 
554 728 9 
872 48 1 
73 824 5 
780 838 9 
666 280 7 
867 925 6 
732 34 10 
786 685 3 
814 966 8 
418 248 8 
211 506 6 
692 180 9 
982 860 9 
960 991 8 
350 901 6 
825 980 8 
818 587 9 
275 198 7 
485 572 2 
99 220 5 
495 66 9 
323 157 10 
849 924 8 
318 255 6 
643 36 8 
909 479 5 
920 53 6 
872 362 10 
430 149 5 
833 159 10 
393 97 7 
391 790 4 
173 595 1 
463 720 1 
792 47 6 
632 944 9 
689 370 1 
351 961 5 
513 304 9 
470 721 5 
903 798 10 
468 136 4 
794 257 2 
551 476 7 
309 847 3 
44 579 7 
720 700 2 
724 235 4 
168 480 5 
439 795 6 
812 207 4 
320 963 6 
674 973 5 
662 409 3 
676 128 10 
215 869 2 
862 702 6 
366 361 1 
104 244 1 
985 450 7 
777 881 8 
66 147 9 
469 167 1 
136 559 5 
1 263 8 
864 636 10 
963 577 2 
973 291 7 
967 575 2 
99 329 4 
701 95 6 
380 394 5 
374 796 4 
731 868 4 
859 156 7 
541 545 9 
494 990 3 
784 68 2 
379 424 1 
469 648 9 
189 242 4 
246 338 7 
691 311 1 
902 811 8 
418 654 7 
599 106 8 
253 681 1 
213 462 8 
691 896 4 
404 31 5 
825 392 5 
158 726 7 
887 588 8 
300 270 10 
899 615 8 
790 791 9 
307 527 7 
728 278 5 
445 458 10 
676 112 10 
454 915 1 
543 26 3 
374 612 9 
216 808 10 
643 155 7 
873 544 8 
392 132 5 
769 227 3 
903 448 1 
529 481 2 
990 687 7 
591 911 1 
716 840 6 
459 629 8 
288 727 7 
275 369 1 
255 785 9 
370 971 8 
755 123 1 
929 25 8 
680 660 7 
550 30 7 
281 521 10 
517 40 1 
274 140 10 
293 440 3 
222 593 2 
265 623 1 
721 618 10 
678 827 9 
209 182 3 
884 449 8 
427 729 3 
702 171 10 
735 32 10 
84 965 5 
417 611 9 
72 567 8 
49 431 1 
482 355 9 
271 560 7 
329 126 5 
145 710 3 
536 555 10 
116 108 7 
670 258 7 
377 797 8 
502 162 5 
645 115 8 
143 204 6 
269 582 9 
614 401 2 
793 931 5 
543 138 10 
895 410 2 
147 264 1 
748 174 4 
864 54 6 
879 565 8 
385 998 3 
519 883 8 
95 344 3 
92 169 8 
383 522 2 
257 287 5 
404 524 9 
331 509 8 
729 782 9 
245 250 7 
259 844 9 
406 950 5 
425 303 2 
331 507 1 
148 497 8 
366 193 1 
880 947 8 
2 109 5 
950 365 2 
761 703 10 
221 630 5 
509 75 3 
248 744 9 
932 781 5 
905 946 2 
872 740 6 
17 959 1 
285 197 4 
512 447 6 
875 953 1 
923 675 1 
772 110 4 
501 441 7 
163 764 1 
51 508 3 
664 669 4 
317 237 4 
605 203 1 
149 952 9 
907 302 6 
540 558 6 
897 127 8 
708 310 8 
613 130 1 
629 930 8 
142 388 7 
655 153 2 
506 693 5 
127 698 1 
814 321 4 
985 639 4 
294 225 8 
697 999 6 
993 504 7 
588 191 4 
459 928 8 
287 152 10 
950 979 2 
291 586 7 
851 885 9 
216 538 9 
741 93 1 
329 96 2 
565 56 7 
410 400 1 
767 548 7 
855 584 7 
453 503 9 
363 972 9 
441 472 6 
381 787 5 
827 826 8 
721 405 4 
912 473 1 
895 240 1 
834 941 8 
649 832 4 
911 113 2 
213 185 2 
33 336 7 
862 359 10 
928 686 9 
826 815 2 
35 667 1 
184 277 8 
87 633 5 
324 452 2 
95 659 5 
890 170 1 
513 356 7 
277 983 2 
818 935 2 
678 124 5 
650 487 3 
223 131 2 
413 652 1 
862 573 3 
259 461 10 
851 546 2 
800 526 3 
211 60 9 
229 839 9 
967 437 9 
965 91 10 
467 760 10 
697 484 4 
930 753 1 
753 231 2 
436 28 1 
813 910 1 
787 511 10 
672 549 3 
472 523 9 
736 76 6 
925 665 6 
798 583 7 
338 918 6 
682 118 2 
813 144 2 
158 422 5 
507 756 6 
133 382 9 
209 150 4 
603 619 10 
765 262 9 
610 395 1 
546 706 7 
249 747 1 
966 520 3 
708 596 9 
952 83 6 
851 647 6 
563 442 8 
77 243 10 
711 179 3 
983 758 9 
21 135 2 
911 514 9 
531 848 7 
550 384 6 
801 621 1 
348 779 5 
499 397 10 
964 451 8 
784 89 7 
964 805 3 
874 260 8 
578 80 7 
441 292 8 
559 129 4 
845 712 5 
922 121 9 
404 390 6 
395 15 6 
94 940 3 
345 850 10 
340 616 9 
450 635 4 
146 835 9 
624 561 9 
7 261 8 
85 853 2 
777 757 9 
666 510 1 
457 165 10 
370 232 3 
107 882 4 
894 713 7 
314 631 6 
811 429 10 
314 547 3 
739 688 9 
100 978 6 
164 289 7 
139 408 10 
291 224 5 
282 435 6 
849 205 7 
75 673 5 
761 298 5 
501 585 8 
292 305 3 
653 829 4 
894 725 1 
398 770 6 
46 886 2 
875 346 1 
876 411 9 
747 734 4 
10
104 48 381
36 512 786
19 389 230
488 552 982
490 47 462
396 419 767
756 634 189
334 421 659
328 195 688
259 245 999
