1000
55 246 553027357 
246 962 502266757 
962 923 71586098 
55 619 145085265 
619 53 25764959 
55 856 740129488 
55 108 174415978 
962 49 807094824 
962 170 384874916 
856 425 9759663 
856 597 480293429 
108 48 460564053 
923 317 348302955 
53 773 452907404 
108 725 943287247 
923 920 293887798 
856 382 79868268 
317 489 605002995 
317 662 817851215 
53 779 896445100 
48 722 939874718 
856 32 66739950 
722 879 396924878 
317 434 726715556 
856 338 937341099 
246 668 765827123 
338 946 439013068 
48 460 461358837 
619 145 737251273 
773 358 575728065 
920 158 829661988 
382 841 393504653 
55 955 876136448 
48 253 206740200 
145 867 369160006 
158 56 153141604 
145 741 394303529 
923 996 593448460 
434 280 447529357 
358 724 295420157 
56 541 428945813 
49 793 527975749 
338 635 994455970 
996 610 692326901 
867 991 834824618 
946 159 668917436 
55 282 20935361 
382 147 399743550 
741 235 864012178 
662 5 113826499 
382 31 715408141 
382 125 917464719 
147 824 332635557 
725 595 107458097 
382 889 99282393 
793 286 501894935 
946 626 452151529 
253 655 133889363 
56 436 439877264 
991 925 395915667 
793 590 635286911 
55 698 689267760 
382 260 159158146 
590 639 71879500 
856 763 627118864 
170 264 746069326 
159 863 55335921 
5 675 372237012 
108 624 575255682 
779 697 139634268 
635 326 49307573 
460 279 931148670 
253 212 186847230 
31 876 229416094 
773 733 387390431 
541 7 176020458 
725 373 302202442 
279 893 748725288 
382 656 933464053 
962 660 804440995 
260 808 245739203 
317 706 159071698 
733 829 749764160 
724 1 670510723 
48 611 591008087 
779 96 54539054 
460 575 92587568 
889 802 617871126 
264 976 222756599 
31 602 145628602 
867 853 750652132 
55 663 780335584 
619 922 159932014 
996 757 301395199 
541 135 18514064 
976 785 218227251 
56 388 477024220 
56 184 108739986 
639 832 563752595 
923 319 434646943 
48 169 843144876 
976 271 206873498 
597 356 648448570 
656 931 926888240 
955 441 387894368 
260 511 579068097 
624 364 33323518 
779 582 392579568 
610 703 778107897 
610 880 523910158 
773 872 365252463 
253 136 143525397 
662 166 233323513 
319 677 811499716 
253 14 938574733 
626 896 695609851 
489 102 735034484 
991 547 761016033 
53 831 238496375 
55 994 202540531 
511 1000 967556704 
602 586 689933315 
31 263 72863666 
757 509 126755429 
373 202 699489593 
96 265 367681239 
108 830 855734178 
597 94 795736729 
260 963 428654935 
697 277 610461831 
896 544 710233794 
611 403 658283769 
434 73 443220394 
317 254 520399834 
7 684 433527134 
611 266 144660932 
853 222 26613026 
675 311 914701997 
319 998 651734333 
125 150 762825482 
763 349 919162596 
830 682 497957878 
793 420 293166546 
955 206 363174359 
996 453 377538505 
635 980 459568779 
925 501 796633564 
610 99 370579690 
31 316 619290258 
733 259 284617234 
7 916 489619852 
317 769 75009620 
253 359 887386731 
619 168 566553684 
266 157 483735759 
265 505 926055273 
991 379 166366552 
246 242 268912870 
145 283 446268259 
356 714 778845657 
832 877 495224594 
991 567 30547556 
420 114 64103605 
501 375 887412619 
358 480 935640334 
575 506 820059502 
317 683 372782771 
49 690 116577668 
889 864 977407063 
684 653 353694119 
724 308 127630961 
388 61 437764978 
56 665 514006090 
356 749 265494838 
317 17 253892721 
626 860 927095302 
724 391 494369576 
102 101 377780001 
567 410 957708546 
793 88 892722005 
665 549 221081827 
660 141 735287216 
166 756 574226873 
147 581 34917729 
202 405 655173536 
581 798 737235530 
101 175 25304425 
311 617 280798247 
706 924 79701558 
879 104 941974801 
544 474 677343821 
639 255 626979795 
101 936 318679874 
434 3 45104538 
283 415 580168606 
831 327 85580692 
581 811 859295489 
923 307 123085399 
5 8 688178701 
793 953 258916474 
253 210 465659349 
830 650 723535711 
653 381 59792160 
114 174 853111302 
832 396 426414375 
831 886 397359938 
145 346 946830901 
104 780 138290693 
358 784 777104576 
635 493 681425078 
597 19 561741770 
379 140 486734900 
266 92 917316267 
108 187 466150662 
698 691 565940794 
373 229 7594682 
655 585 637193026 
922 605 714104666 
610 29 963268443 
610 312 311359377 
5 490 335078368 
541 247 920122545 
511 118 786422088 
425 369 603068964 
955 806 5109747 
19 956 977330552 
48 72 144844900 
436 487 914781056 
733 873 247259183 
860 459 33570837 
206 638 410186562 
867 526 386326328 
283 30 288978195 
453 469 935116290 
157 564 27113637 
780 580 69950008 
662 528 663193341 
722 671 349747972 
690 556 928981459 
639 895 948646322 
420 748 459054898 
61 209 81552505 
286 90 970982228 
147 777 678316084 
311 443 939472256 
916 401 811938578 
925 472 788091740 
830 129 915397048 
638 954 477024737 
101 838 844165468 
104 908 469354194 
55 618 992819346 
31 914 39307123 
265 627 478032960 
235 220 141866788 
136 842 406177747 
595 500 123011666 
266 275 742124578 
877 34 553480900 
501 654 201306287 
73 65 319757867 
802 95 759320944 
653 26 542942770 
925 203 825317822 
841 372 527511772 
420 181 69212444 
168 935 52770869 
73 226 698473733 
877 532 920679906 
166 820 925428240 
962 897 569864632 
391 421 611440258 
749 765 162038586 
317 502 303655266 
490 402 975833026 
415 570 225738499 
610 109 399800666 
443 728 428380404 
829 678 962841253 
586 245 436625566 
402 950 315197063 
118 28 686110710 
954 774 263767557 
136 562 651894952 
253 804 233362936 
381 607 795682409 
28 649 523473853 
505 537 645695704 
635 86 43450198 
373 163 971651750 
5 119 340762663 
175 859 117742462 
114 407 197738207 
474 786 218003224 
785 138 547348193 
88 871 922427808 
129 701 313771067 
72 868 804919847 
703 797 192920086 
580 874 428640602 
586 836 701560566 
403 337 958057473 
668 815 557366664 
434 314 85028630 
607 269 614605376 
266 465 284342718 
626 721 982067400 
655 176 194868867 
831 133 855372723 
136 855 278669720 
90 357 385378227 
176 734 660922481 
168 351 387564809 
908 739 330205948 
815 455 986942869 
282 121 76064585 
556 411 126317789 
92 568 165712612 
914 477 957673663 
505 368 72755337 
48 822 698958350 
697 12 341397675 
86 735 846042899 
163 377 138671945 
582 552 83414377 
703 514 134198094 
220 504 87999358 
175 906 165156543 
90 408 194090555 
741 439 253504212 
141 905 237566083 
586 686 799039371 
235 926 180200296 
150 557 297521083 
886 427 405799774 
653 115 252288132 
617 601 454898713 
170 207 95511841 
562 345 866403260 
439 62 106470835 
506 885 249317303 
567 982 807775143 
235 189 85165635 
271 234 514712431 
626 603 871943920 
872 599 491583747 
873 45 355612081 
136 395 696624064 
181 651 776823672 
226 87 21580787 
420 723 624591716 
28 712 303048018 
635 553 988986692 
586 79 577478270 
922 790 280176252 
163 816 933415954 
547 826 316725070 
150 720 253052931 
954 287 130289875 
556 977 257891027 
936 907 719522114 
247 865 778191816 
402 900 400563199 
802 57 267390213 
88 681 865463638 
811 948 106045022 
283 940 429757306 
977 484 493973831 
286 843 791682789 
381 533 489616777 
86 986 341436210 
472 498 5211632 
720 845 81794705 
209 604 14604829 
557 461 677935626 
822 579 464741939 
953 837 983951482 
590 27 224682826 
382 847 915736754 
547 707 477359929 
125 892 339464078 
832 866 89633843 
874 384 801444380 
802 878 599875799 
877 750 36595363 
280 44 649712246 
703 486 630786351 
845 661 460716947 
461 412 757451838 
351 805 31700008 
260 632 554819966 
528 634 290015976 
263 328 3591500 
832 2 337721075 
595 103 414876615 
95 846 432604162 
403 416 67220870 
956 938 507582226 
619 321 44798408 
735 424 444126853 
136 188 263726989 
774 302 836383616 
777 197 633061151 
416 696 51711953 
2 942 331859377 
169 205 190661879 
845 258 681655763 
480 52 429913348 
607 116 799573932 
44 558 963709885 
511 204 147465801 
597 42 772914567 
564 727 284688773 
27 270 893051221 
425 629 358073430 
327 39 43958695 
480 542 926990825 
253 485 873983081 
841 551 405182282 
368 496 778931259 
994 614 182365032 
846 494 798551153 
27 967 621077351 
551 51 841280023 
544 538 606991575 
427 513 410472957 
176 517 114475500 
30 694 180967435 
822 792 434673670 
359 857 453921809 
931 268 733139277 
226 291 717533156 
125 524 842163954 
424 835 132624461 
655 478 832683658 
638 252 813027482 
872 182 978399564 
991 221 894140343 
159 68 693723025 
956 294 781288473 
677 523 305855994 
351 347 45513114 
837 58 151972781 
30 740 902672177 
487 531 2257987 
434 746 209480583 
603 89 627625633 
359 43 723703381 
860 262 938817909 
845 658 243148496 
384 981 289837117 
811 185 988126121 
263 937 844489753 
188 178 537805145 
537 124 660882188 
34 823 722674521 
727 171 595885997 
998 608 768374107 
421 710 954179138 
314 888 17838553 
619 450 53986083 
96 646 398222380 
124 80 520075941 
94 753 983135983 
618 360 802297060 
260 667 942433515 
661 303 534415512 
925 800 53730669 
474 482 126446319 
207 458 612880992 
203 267 62259597 
823 394 195632934 
259 818 210852899 
478 539 959153007 
802 100 669458132 
712 563 718948385 
189 380 833891274 
294 195 48270538 
308 134 87005968 
610 767 407222193 
735 997 651899516 
805 588 578709161 
977 105 61179891 
627 747 587423501 
480 200 422572048 
610 67 648633218 
750 330 154653526 
707 462 835964983 
326 518 510580937 
302 383 457495986 
749 122 290252651 
133 149 40842920 
773 470 491581029 
524 224 997020296 
703 992 929712033 
800 693 303463120 
681 699 623660757 
51 22 357924968 
511 550 180521668 
837 156 340037941 
632 155 59356420 
639 640 151190274 
886 24 187275159 
514 93 812465303 
480 512 468644647 
750 760 61168732 
92 919 474091957 
873 869 591861246 
920 177 993715308 
8 297 684369124 
61 623 689890383 
585 334 461811926 
893 687 992201613 
595 548 252932601 
271 764 803224659 
359 71 642670154 
618 911 328311685 
275 949 882475399 
916 809 299194303 
247 561 681712073 
663 417 910509738 
805 565 311009289 
954 726 841436548 
967 419 435165555 
212 445 544676600 
553 111 369248895 
727 999 953724226 
538 572 136652248 
384 315 642378881 
282 941 755747263 
733 995 51826461 
224 742 242993956 
8 371 806052805 
372 151 967748892 
268 577 390083838 
977 688 284842058 
650 344 288985070 
381 144 640320747 
735 536 77685123 
22 198 994525935 
247 958 71093736 
953 18 327729942 
780 324 46848963 
67 309 309007664 
1 527 912970170 
373 91 299840310 
279 256 504802137 
847 516 191971938 
977 451 326572357 
136 199 637063838 
500 63 296204668 
846 642 632487158 
96 939 341098930 
200 578 138765786 
199 812 882606486 
829 711 12498314 
617 932 38282286 
30 21 477764592 
312 795 295402045 
518 66 177770868 
247 535 843692549 
748 414 491700221 
723 248 806950823 
267 392 194262000 
991 110 590738639 
266 426 162333383 
115 521 623104846 
995 126 534266807 
863 789 121317264 
136 216 374304856 
773 261 113109852 
279 630 621184082 
911 637 859125414 
932 16 467565128 
478 446 534899628 
541 971 928139500 
459 972 24335447 
424 241 572359491 
756 429 297408446 
109 413 756740245 
523 530 530586602 
880 15 688158258 
588 945 62903162 
347 571 135005208 
740 154 408250827 
395 438 107614866 
93 78 407835297 
63 273 424864974 
920 23 127913529 
777 132 359272938 
941 704 143646097 
747 387 819212046 
896 776 972113833 
68 75 333292873 
157 192 258119593 
734 788 66718350 
198 952 455862402 
242 299 63852874 
445 295 142711652 
168 709 320257463 
321 737 609748221 
91 341 482958865 
95 366 67743405 
455 488 191779283 
338 492 150654554 
19 743 43874303 
267 186 608789051 
992 288 634931542 
601 754 243118371 
661 64 975751745 
49 320 17094252 
603 840 391296386 
396 148 553189733 
170 775 951853974 
138 81 436506892 
269 576 253798831 
654 152 757456721 
104 861 874374959 
308 117 628970690 
991 883 101825507 
541 296 847093036 
259 325 926835650 
202 473 198860583 
157 250 394568074 
740 127 401590442 
704 648 826997442 
86 404 814800366 
686 278 507726865 
721 689 483492081 
516 240 52146435 
876 191 966919489 
822 350 457633327 
586 340 114170918 
44 385 496195617 
892 882 943580072 
403 910 756921411 
585 783 286113804 
269 636 996680114 
17 355 766394910 
474 849 237003067 
754 664 426798771 
438 223 836653159 
417 457 926757007 
677 471 112552576 
45 251 394725317 
805 641 985589122 
502 970 257918283 
277 329 559418410 
888 164 113151584 
564 951 499740377 
650 332 462492066 
187 464 170339126 
369 50 463419864 
604 301 602846143 
706 165 135719572 
661 729 261649880 
136 964 794779543 
419 666 10716919 
907 499 22851220 
168 219 410946574 
308 559 314169998 
954 814 485446438 
42 522 561786737 
108 354 683127151 
763 243 867131693 
68 370 669756564 
101 573 422551116 
221 593 236413685 
580 196 374573957 
345 432 377589069 
457 899 31732566 
982 730 638534688 
948 894 735421682 
889 507 718763602 
436 965 969180778 
835 854 421801330 
326 758 43193038 
823 272 441646315 
783 529 72412049 
384 891 106452166 
758 201 473808533 
50 778 129164218 
426 713 949114709 
763 921 982992485 
188 781 238178845 
578 560 303619730 
438 902 431805074 
942 367 268673099 
714 870 441656553 
169 483 772190766 
846 801 943950550 
838 194 696607300 
576 968 220771800 
976 430 876919194 
737 834 254767729 
753 543 56293964 
557 481 500336674 
798 983 927052895 
96 732 63506720 
801 993 649486870 
835 399 464256341 
1000 715 971313263 
991 491 323367017 
636 38 710212998 
360 574 576322171 
547 274 985892954 
165 803 800738357 
812 985 306641473 
561 673 682866547 
129 969 62674437 
87 821 116085862 
155 643 728423754 
149 244 731008032 
223 406 850400602 
579 10 756358161 
38 819 672544698 
42 20 897521149 
693 322 308578470 
610 218 417184594 
885 239 161562340 
280 233 440750688 
559 930 173847259 
783 497 847164234 
133 435 985824101 
843 645 538499407 
108 716 996243272 
803 594 548208974 
969 397 813042465 
938 762 708911615 
578 112 317370724 
908 120 577325250 
874 444 243924506 
221 143 751038818 
500 69 46518054 
315 335 611399374 
373 525 447219296 
728 591 592718744 
707 318 5070580 
811 616 833307457 
391 685 211850820 
382 41 100492474 
419 933 193774482 
870 107 487720352 
53 6 23344669 
451 82 406335207 
518 437 755153937 
756 825 598844271 
806 365 471595233 
646 943 165848621 
653 293 18778909 
366 249 307132744 
963 74 788141234 
282 554 928175707 
748 227 393229854 
218 761 577134073 
655 988 588568303 
986 376 795125955 
894 131 895951741 
748 422 845519641 
384 990 215159174 
991 782 565609194 
270 362 815142025 
726 13 352309233 
406 454 542439091 
14 744 303020603 
134 887 130149308 
61 139 786412881 
686 751 161954978 
619 622 205424085 
71 695 860213469 
315 142 377276024 
656 238 592788664 
597 862 225912671 
263 833 896593429 
816 555 74196364 
112 903 939092193 
711 475 545878886 
795 54 755521320 
967 755 325324747 
34 771 468698093 
812 620 26934313 
548 961 114802504 
246 290 394785888 
805 363 895866407 
602 752 165306304 
43 915 974839758 
698 123 623096151 
123 652 645662905 
537 225 746686245 
629 890 390078330 
542 598 448370576 
490 957 600478871 
862 927 821802357 
38 589 687118741 
565 772 511100323 
242 745 225115742 
761 128 521762352 
16 973 948615682 
229 333 787472360 
89 569 886384591 
222 476 529563516 
760 659 853795360 
458 306 992713901 
462 912 462047566 
453 98 788873175 
32 468 146485999 
240 884 10485687 
28 353 370996554 
782 400 785418562 
683 228 460334435 
66 237 708500041 
380 918 76950766 
460 305 298120804 
238 336 713799661 
476 304 661979182 
204 137 455648981 
314 9 719570813 
811 848 248751140 
152 313 451471527 
742 796 669226241 
465 348 331159498 
430 281 534212876 
955 850 1808749 
671 708 910528609 
250 231 796913058 
661 409 802948949 
43 284 312123213 
745 670 24825231 
556 153 5851443 
623 40 144538691 
848 828 351962709 
752 76 351269335 
588 193 115962351 
945 452 417447541 
908 545 716013574 
131 146 88012842 
992 442 611642680 
996 230 984660498 
899 960 934404120 
649 770 476936478 
316 456 651278295 
3 898 88869563 
666 676 639432412 
761 106 673251704 
129 657 988604067 
403 519 835173946 
63 799 692178182 
716 97 606523758 
34 211 772050876 
26 520 333782122 
316 934 21944265 
335 46 317443442 
804 913 341337393 
5 592 602218815 
831 60 394541622 
326 705 811976430 
517 503 625091298 
903 692 39089584 
279 680 263525405 
459 989 475477824 
27 33 582179464 
726 974 166312835 
366 810 737064529 
857 84 967023875 
543 47 732563221 
353 449 138605422 
734 428 6046850 
134 584 744693012 
890 285 200175944 
446 162 106728693 
661 83 946190568 
897 621 661863977 
591 669 53604338 
244 540 543328352 
758 975 894078291 
528 179 301330434 
227 214 165735869 
910 35 563713629 
125 987 218631767 
629 172 9003456 
48 768 768994438 
895 310 824771013 
665 881 76498205 
710 827 835496633 
227 374 262190759 
392 217 459937010 
758 566 484064427 
171 342 228947222 
156 467 990129269 
492 386 672030590 
764 236 543047926 
522 947 452696442 
885 331 382169032 
806 37 988374386 
586 625 785793551 
499 423 956367064 
960 292 113829694 
624 672 898854960 
580 466 733341360 
926 160 388060596 
225 719 517216301 
911 644 907078161 
662 59 808636550 
655 702 871943819 
158 909 625677688 
63 984 442815507 
500 978 66720141 
487 433 476892670 
320 440 779431976 
798 510 148419954 
767 70 196420509 
545 766 723090581 
104 959 674205084 
462 398 166782234 
605 515 186927992 
484 674 7033800 
988 161 262194243 
309 190 860803772 
86 390 422483125 
584 613 190769834 
616 596 246589309 
783 389 555011433 
891 852 82172571 
204 300 579248684 
781 167 381182144 
245 361 973730291 
336 794 594838171 
223 77 682735347 
266 25 453771347 
795 979 124607622 
19 609 695817439 
299 257 176082491 
953 738 922743156 
399 378 659681453 
188 418 823345931 
318 85 234045035 
160 463 247784405 
516 130 293470280 
461 717 373718203 
165 215 582050684 
38 4 89557590 
711 736 923176480 
315 479 453923047 
925 628 823873265 
967 718 884471662 
564 904 40282185 
437 11 653315561 
973 208 174347505 
955 679 656471075 
515 928 906600422 
156 851 331476088 
868 612 563960914 
585 817 152989833 
789 298 80334145 
869 534 118714800 
736 647 663864414 
350 232 862237999 
416 633 761839215 
633 393 317698272 
344 352 203459837 
484 323 182786947 
138 289 785055830 
562 339 997276814 
191 276 906505287 
504 583 777594343 
874 901 311444958 
18 807 654607217 
189 631 25333323 
602 447 228824361 
299 606 600070060 
230 944 890926354 
518 929 918861983 
290 173 457322037 
657 791 784781429 
878 844 704518761 
275 546 370768877 
820 813 836110713 
410 213 759729104 
525 875 53693294 
165 600 487331036 
272 966 114444546 
642 787 456513512 
747 917 346939484 
503 587 445611282 
506 180 806805813 
180 615 872416321 
798 448 47771111 
728 495 78892273 
872 858 549126993 
936 343 729488881 
31 759 408028455 
285 183 418122568 
484 508 548485882 
329 839 834462022 
812 36 541596119 
315 700 842756191 
194 113 531620734 
246 731 932966581 
564 431 129205013 
10
248 450 412
849 244 145
12 916 53
867 293 962
280 894 911
128 712 118
522 759 510
26 29 175
883 869 833
500 780 530
